Jirka;1
Jan;3
Petr;2
Marie;1
